# This file may be used to create an environment using:
# $ conda create --name <env> --file <this file>
# platform: win-64
asttokens=3.0.0=pyhd8ed1ab_1
backcall=0.2.0=pyh9f0ad1d_0
ca-certificates=2024.12.14=h56e8100_0
colorama=0.4.6=pyhd8ed1ab_1
comm=0.2.2=pyhd8ed1ab_1
contourpy=1.3.0=pypi_0
cycler=0.12.1=pypi_0
debugpy=1.8.11=py39h5da7b33_0
decorator=5.1.1=pyhd8ed1ab_1
executing=2.1.0=pyhd8ed1ab_1
fonttools=4.55.4=pypi_0
importlib-metadata=8.6.1=pyha770c72_0
importlib-resources=6.5.2=pypi_0
ipykernel=6.29.5=pyh4bbf305_0
ipython=8.12.0=pyh08f2357_0
jedi=0.19.2=pyhd8ed1ab_1
jupyter_client=8.6.3=pyhd8ed1ab_1
jupyter_core=5.7.2=py39hcbf5309_0
kiwisolver=1.4.7=pypi_0
libsodium=1.0.18=h8d14728_1
matplotlib=3.9.4=pypi_0
matplotlib-inline=0.1.7=pyhd8ed1ab_1
mpmath=1.3.0=pypi_0
nest-asyncio=1.6.0=pyhd8ed1ab_1
networkx=3.2.1=pypi_0
numpy=2.0.2=pypi_0
openssl=1.1.1l=h8ffe710_0
packaging=24.2=pyhd8ed1ab_2
parso=0.8.4=pyhd8ed1ab_1
pickleshare=0.7.5=pyhd8ed1ab_1004
pillow=11.1.0=pypi_0
pip=24.2=py39haa95532_0
platformdirs=4.3.6=pyhd8ed1ab_1
prompt-toolkit=3.0.50=pyha770c72_0
prompt_toolkit=3.0.50=hd8ed1ab_0
psutil=5.9.0=py39h827c3e9_1
pure_eval=0.2.3=pyhd8ed1ab_1
pygments=2.19.1=pyhd8ed1ab_0
pyparsing=3.2.1=pypi_0
python=3.9.5=h6244533_3
python-dateutil=2.9.0.post0=pyhff2d567_1
python_abi=3.9=2_cp39
pywin32=308=py39h5da7b33_0
pyzmq=24.0.1=py39hea35a22_1
scipy=1.13.1=pypi_0
setuptools=75.1.0=py39haa95532_0
six=1.17.0=pyhd8ed1ab_0
sqlite=3.45.3=h2bbff1b_0
stack_data=0.6.3=pyhd8ed1ab_1
sympy=1.13.3=pypi_0
tornado=6.2=py39ha55989b_1
traitlets=5.14.3=pyhd8ed1ab_1
typing_extensions=4.12.2=pyha770c72_1
tzdata=2024b=h04d1e81_0
ucrt=10.0.22621.0=h57928b3_1
vc=14.40=haa95532_2
vs2015_runtime=14.42.34433=h9531ae6_2
wcwidth=0.2.13=pyhd8ed1ab_1
wheel=0.44.0=py39haa95532_0
zeromq=4.3.4=h0e60522_1
zipp=3.21.0=pyhd8ed1ab_1
